116.128000 -90.000000 -90.000000
1220.104000 -90.000000 -90.000000
4222.075000 -90.000000 -90.000000
7223.302000 -90.000000 -90.000000
67987.210000 -90.000000 -90.000000
68102.934000 -90.000000 -90.000000
68221.350000 -90.000000 -90.000000
68338.781000 -90.000000 -90.000000
68456.737000 -90.000000 -90.000000
68572.837000 -90.000000 -90.000000
68689.387000 -90.000000 -90.000000
68815.577000 -90.000000 -90.000000
68935.964000 -90.000000 -90.000000
69052.761000 -90.000000 -90.000000
69168.083000 -90.000000 -90.000000
69284.618000 -90.000000 -90.000000
69403.315000 -90.000000 -90.000000
69524.513000 -90.000000 -90.000000
69643.619000 -90.000000 -90.000000
69765.314000 -90.000000 -90.000000
69885.595000 -90.000000 -90.000000
70020.339000 -90.000000 -90.000000
70143.164000 -90.000000 -90.000000
70259.066000 -90.000000 -90.000000
70375.737000 -90.000000 -90.000000
70493.146000 -90.000000 -90.000000
70610.198000 -90.000000 -90.000000
70725.905000 -90.000000 -90.000000
70844.429000 -90.000000 -90.000000
70962.597000 -90.000000 -90.000000
71078.796000 -90.000000 -90.000000
71196.343000 -90.000000 -90.000000
71314.254000 -90.000000 -90.000000
71435.184000 -90.000000 -90.000000
71557.232000 -90.000000 -90.000000
71675.794000 -90.000000 -90.000000
71797.313000 -90.000000 -90.000000
71912.670000 -90.000000 -90.000000
72027.877000 -90.000000 -90.000000
72147.140000 -90.000000 -90.000000
72263.785000 -90.000000 -90.000000
72382.789000 -90.000000 -90.000000
72500.023000 -90.000000 -90.000000
72618.558000 -90.000000 -90.000000
72734.612000 -90.000000 -90.000000
72850.772000 -90.000000 -90.000000
72967.362000 -90.000000 -90.000000
73082.498000 -90.000000 -90.000000
73197.513000 -90.000000 -90.000000
73313.525000 -90.000000 -90.000000
73434.784000 -90.000000 -90.000000
73569.040000 -90.000000 -90.000000
73688.790000 -90.000000 -90.000000
73807.665000 -90.000000 -90.000000
73925.869000 -90.000000 -90.000000
74047.038000 -90.000000 -90.000000
74167.736000 -90.000000 -90.000000
74294.952000 -90.000000 -90.000000
74415.957000 -90.000000 -90.000000
74532.293000 -90.000000 -90.000000
74650.256000 -90.000000 -90.000000
74765.563000 -90.000000 -90.000000
74880.231000 -90.000000 -90.000000
74995.998000 -90.000000 -90.000000
75118.872000 -90.000000 -90.000000
75236.174000 -90.000000 -90.000000
75356.045000 -90.000000 -90.000000
75474.876000 -90.000000 -90.000000
75595.195000 -90.000000 -90.000000
75716.558000 -90.000000 -90.000000
75833.530000 -90.000000 -90.000000
75948.453000 -90.000000 -90.000000
76066.761000 -90.000000 -90.000000
76184.361000 -90.000000 -90.000000
76301.763000 -90.000000 -90.000000
76418.534000 -90.000000 -90.000000
76536.439000 -90.000000 -90.000000
76659.126000 -90.000000 -90.000000
76776.050000 -90.000000 -90.000000
76891.273000 -90.000000 -90.000000
77006.529000 -90.000000 -90.000000
77122.943000 -90.000000 -90.000000
77244.801000 -90.000000 -90.000000
77362.779000 -90.000000 -90.000000
77477.985000 -90.000000 -90.000000
77593.744000 -90.000000 -90.000000
77716.625000 -90.000000 -90.000000
77846.484000 -90.000000 -90.000000
77962.375000 -90.000000 -90.000000
78082.186000 -90.000000 -90.000000
78201.925000 -90.000000 -90.000000
78317.706000 -90.000000 -90.000000
78433.440000 -90.000000 -90.000000
78552.056000 -90.000000 -90.000000
78673.104000 -90.000000 -90.000000
78787.858000 -90.000000 -90.000000
78904.692000 -90.000000 -90.000000
79020.985000 -90.000000 -90.000000
79138.922000 -90.000000 -90.000000
79256.713000 -90.000000 -90.000000
79380.485000 -90.000000 -90.000000
79503.247000 -90.000000 -90.000000
79628.696000 -90.000000 -90.000000
79751.803000 -90.000000 -90.000000
79873.269000 -90.000000 -90.000000
79992.403000 -90.000000 -90.000000
80108.723000 -90.000000 -90.000000
80228.213000 -90.000000 -90.000000
80348.262000 -90.000000 -90.000000
80465.618000 -90.000000 -90.000000
80583.664000 -90.000000 -90.000000
80714.218000 -90.000000 -90.000000
80840.311000 -90.000000 -90.000000
80960.771000 -90.000000 -90.000000
81081.086000 -90.000000 -90.000000
81204.861000 -90.000000 -90.000000
81322.865000 -90.000000 -90.000000
81439.284000 -90.000000 -90.000000
81563.869000 -90.000000 -90.000000
81680.829000 -90.000000 -90.000000
81799.881000 -90.000000 -90.000000
81916.136000 -90.000000 -90.000000
82034.668000 -90.000000 -90.000000
82155.605000 -90.000000 -90.000000
82272.507000 -90.000000 -90.000000
82392.361000 -90.000000 -90.000000
82511.158000 -90.000000 -90.000000
82632.108000 -90.000000 -90.000000
82751.269000 -90.000000 -90.000000
82866.020000 -90.000000 -90.000000
82985.554000 -90.000000 -90.000000
83106.074000 -90.000000 -90.000000
83222.112000 -90.000000 -90.000000
83337.739000 -90.000000 -90.000000
83455.614000 -90.000000 -90.000000
83575.041000 -90.000000 -90.000000
83695.377000 -90.000000 -90.000000
83813.240000 -90.000000 -90.000000
83934.142000 -90.000000 -90.000000
84052.197000 -90.000000 -90.000000
84169.472000 -90.000000 -90.000000
84289.986000 -90.000000 -90.000000
84407.479000 -90.000000 -90.000000
84529.590000 -90.000000 -90.000000
84647.848000 -90.000000 -90.000000
84765.809000 -90.000000 -90.000000
84888.538000 -90.000000 -90.000000
85008.243000 -90.000000 -90.000000
85123.944000 -90.000000 -90.000000
85248.033000 -90.000000 -90.000000
85363.047000 -90.000000 -90.000000
85479.039000 -90.000000 -90.000000
85598.242000 -90.000000 -90.000000
85716.333000 -90.000000 -90.000000
85834.511000 -90.000000 -90.000000
85950.633000 -90.000000 -90.000000
86066.313000 -90.000000 -90.000000
86182.416000 -90.000000 -90.000000
86308.684000 -90.000000 -90.000000
86431.310000 -90.000000 -90.000000
86546.539000 -90.000000 -90.000000
86663.404000 -90.000000 -90.000000
86780.192000 -90.000000 -90.000000
86897.466000 -90.000000 -90.000000
87014.520000 -90.000000 -90.000000
87130.247000 -90.000000 -90.000000
87245.773000 -90.000000 -90.000000
87362.549000 -90.000000 -90.000000
87481.973000 -90.000000 -90.000000
87597.681000 -90.000000 -90.000000
87717.246000 -90.000000 -90.000000
87847.394000 -90.000000 -90.000000
87974.215000 -90.000000 -90.000000
88089.863000 -90.000000 -90.000000
88213.363000 -90.000000 -90.000000
88338.559000 -90.000000 -90.000000
88453.966000 -90.000000 -90.000000
88570.859000 -90.000000 -90.000000
88690.661000 -90.000000 -90.000000
88809.347000 -90.000000 -90.000000
88928.008000 -90.000000 -90.000000
89053.073000 -90.000000 -90.000000
89170.131000 -90.000000 -90.000000
89285.614000 -90.000000 -90.000000
89403.870000 -90.000000 -90.000000
89530.023000 -90.000000 -90.000000
89645.857000 -90.000000 -90.000000
89763.337000 -90.000000 -90.000000
89883.161000 -90.000000 -90.000000
90000.880000 -90.000000 -90.000000
90120.580000 -90.000000 -90.000000
90238.618000 -90.000000 -90.000000
90357.682000 -90.000000 -90.000000
90483.003000 -90.000000 -90.000000
90602.694000 -90.000000 -90.000000
90727.558000 -90.000000 -90.000000
90850.333000 -90.000000 -90.000000
90975.428000 -90.000000 -90.000000
91092.794000 -90.000000 -90.000000
91208.770000 -90.000000 -90.000000
91326.482000 -90.000000 -90.000000
91442.429000 -90.000000 -90.000000
91562.207000 -90.000000 -90.000000
91681.475000 -90.000000 -90.000000
91798.338000 -90.000000 -90.000000
91922.025000 -90.000000 -90.000000
92042.679000 -90.000000 -90.000000
92161.161000 -90.000000 -90.000000
92280.112000 -90.000000 -90.000000
92402.030000 -90.000000 -90.000000
92522.686000 -90.000000 -90.000000
92641.428000 -90.000000 -90.000000
92761.435000 -90.000000 -90.000000
92877.826000 -90.000000 -90.000000
92994.880000 -90.000000 -90.000000
93112.892000 -90.000000 -90.000000
93228.936000 -90.000000 -90.000000
93348.403000 -90.000000 -90.000000
93467.019000 -90.000000 -90.000000
93587.703000 -90.000000 -90.000000
93705.370000 -90.000000 -90.000000
93822.233000 -90.000000 -90.000000
93937.249000 -90.000000 -90.000000
94061.909000 -90.000000 -90.000000
94182.926000 -90.000000 -90.000000
94303.126000 -90.000000 -90.000000
94423.636000 -90.000000 -90.000000
94543.172000 -90.000000 -90.000000
94668.656000 -90.000000 -90.000000
94789.314000 -90.000000 -90.000000
94907.488000 -90.000000 -90.000000
95031.783000 -90.000000 -90.000000
95150.792000 -90.000000 -90.000000
95271.204000 -90.000000 -90.000000
95392.125000 -90.000000 -90.000000
95513.987000 -90.000000 -90.000000
95635.406000 -90.000000 -90.000000
95760.884000 -90.000000 -90.000000
95878.495000 -90.000000 -90.000000
95997.361000 -90.000000 -90.000000
96117.706000 -90.000000 -90.000000
96236.007000 -90.000000 -90.000000
96360.540000 -90.000000 -90.000000
96476.564000 -90.000000 -90.000000
96592.930000 -90.000000 -90.000000
96708.300000 -90.000000 -90.000000
96829.607000 -90.000000 -90.000000
96946.468000 -90.000000 -90.000000
97063.390000 -90.000000 -90.000000
97179.677000 -90.000000 -90.000000
97299.601000 -90.000000 -90.000000
97416.329000 -90.000000 -90.000000
97534.032000 -90.000000 -90.000000
97649.593000 -90.000000 -90.000000
97775.671000 -90.000000 -90.000000
97900.039000 -90.000000 -90.000000
98021.595000 -90.000000 -90.000000
98139.532000 -90.000000 -90.000000
98258.924000 -90.000000 -90.000000
98380.224000 -90.000000 -90.000000
98500.721000 -90.000000 -90.000000
98618.976000 -90.000000 -90.000000
98734.484000 -90.000000 -90.000000
98849.621000 -90.000000 -90.000000
98969.568000 -90.000000 -90.000000
99086.978000 -90.000000 -90.000000
99218.837000 -90.000000 -90.000000
99339.325000 -90.000000 -90.000000
99456.835000 -90.000000 -90.000000
99572.310000 -90.000000 -90.000000
99687.727000 -90.000000 -90.000000
99803.022000 -90.000000 -90.000000
99919.010000 -90.000000 -90.000000
100035.683000 -90.000000 -90.000000
100156.396000 -90.000000 -90.000000
100276.679000 -90.000000 -90.000000
100401.048000 -90.000000 -90.000000
100519.591000 -90.000000 -90.000000
100639.613000 -90.000000 -90.000000
100754.297000 -90.000000 -90.000000
100873.137000 -90.000000 -90.000000
100988.900000 -90.000000 -90.000000
101107.939000 -90.000000 -90.000000
101226.409000 -90.000000 -90.000000
101343.080000 -90.000000 -90.000000
101458.991000 -90.000000 -90.000000
101578.024000 -90.000000 -90.000000
101695.009000 -90.000000 -90.000000
101815.164000 -90.000000 -90.000000
101933.295000 -90.000000 -90.000000
102051.274000 -90.000000 -90.000000
102167.416000 -90.000000 -90.000000
102286.627000 -90.000000 -90.000000
102419.488000 -90.000000 -90.000000
102541.835000 -90.000000 -90.000000
102661.469000 -90.000000 -90.000000
102780.435000 -90.000000 -90.000000
102898.690000 -90.000000 -90.000000
103022.778000 -90.000000 -90.000000
103140.515000 -90.000000 -90.000000
103261.601000 -90.000000 -90.000000
103380.592000 -90.000000 -90.000000
103498.745000 -90.000000 -90.000000
103618.684000 -90.000000 -90.000000
103737.321000 -90.000000 -90.000000
103856.209000 -90.000000 -90.000000
103980.833000 -90.000000 -90.000000
104106.804000 -90.000000 -90.000000
104227.230000 -90.000000 -90.000000
104344.330000 -90.000000 -90.000000
104463.643000 -90.000000 -90.000000
104582.076000 -90.000000 -90.000000
104699.913000 -90.000000 -90.000000
104816.136000 -90.000000 -90.000000
104933.211000 -90.000000 -90.000000
105049.555000 -90.000000 -90.000000
105168.320000 -90.000000 -90.000000
105289.720000 -90.000000 -90.000000
105407.699000 -90.000000 -90.000000
105523.575000 -90.000000 -90.000000
105639.384000 -90.000000 -90.000000
105756.030000 -90.000000 -90.000000
105873.220000 -90.000000 -90.000000
105992.813000 -90.000000 -90.000000
106108.037000 -90.000000 -90.000000
106224.948000 -90.000000 -90.000000
106341.930000 -90.000000 -90.000000
106460.376000 -90.000000 -90.000000
106579.691000 -90.000000 -90.000000
106702.342000 -90.000000 -90.000000
106821.288000 -90.000000 -90.000000
106935.996000 -90.000000 -90.000000
107052.134000 -90.000000 -90.000000
107173.855000 -90.000000 -90.000000
107288.590000 -90.000000 -90.000000
107406.189000 -90.000000 -90.000000
107521.874000 -90.000000 -90.000000
107636.971000 -90.000000 -90.000000
107754.201000 -90.000000 -90.000000
107869.571000 -90.000000 -90.000000
107987.048000 -90.000000 -90.000000
108104.023000 -90.000000 -90.000000
108221.254000 -90.000000 -90.000000
108337.810000 -90.000000 -90.000000
108455.790000 -90.000000 -90.000000
108578.051000 -90.000000 -90.000000
108699.390000 -90.000000 -90.000000
108816.949000 -90.000000 -90.000000
108936.175000 -90.000000 -90.000000
109056.659000 -90.000000 -90.000000
109176.101000 -90.000000 -90.000000
109296.888000 -90.000000 -90.000000
109415.252000 -90.000000 -90.000000
109536.670000 -90.000000 -90.000000
109668.937000 -90.000000 -90.000000
109786.129000 -90.000000 -90.000000
109902.713000 -90.000000 -90.000000
110018.494000 -90.000000 -90.000000
110137.320000 -90.000000 -90.000000
110253.700000 -90.000000 -90.000000
110372.570000 -90.000000 -90.000000
110492.160000 -90.000000 -90.000000
110609.830000 -90.000000 -90.000000
110728.192000 -90.000000 -90.000000
110851.119000 -90.000000 -90.000000
110968.571000 -90.000000 -90.000000
111090.711000 -90.000000 -90.000000
111210.558000 -90.000000 -90.000000
111325.383000 -90.000000 -90.000000
111440.929000 -90.000000 -90.000000
111556.163000 -90.000000 -90.000000
111671.458000 -90.000000 -90.000000
111786.822000 -90.000000 -90.000000
111902.789000 -90.000000 -90.000000
112020.824000 -90.000000 -90.000000
112137.578000 -90.000000 -90.000000
112253.698000 -90.000000 -90.000000
112372.744000 -90.000000 -90.000000
112491.525000 -90.000000 -90.000000
112614.209000 -90.000000 -90.000000
112732.020000 -90.000000 -90.000000
112849.203000 -90.000000 -90.000000
112966.917000 -90.000000 -90.000000
113082.415000 -90.000000 -90.000000
113199.440000 -90.000000 -90.000000
113316.288000 -90.000000 -90.000000
113437.818000 -90.000000 -90.000000
113553.451000 -90.000000 -90.000000
113674.200000 -90.000000 -90.000000
113789.841000 -90.000000 -90.000000
113906.454000 -90.000000 -90.000000
114022.047000 -90.000000 -90.000000
114139.831000 -90.000000 -90.000000
114255.801000 -90.000000 -90.000000
114376.568000 -90.000000 -90.000000
114491.659000 -90.000000 -90.000000
114607.651000 -90.000000 -90.000000
114726.813000 -90.000000 -90.000000
114843.957000 -90.000000 -90.000000
114960.422000 -90.000000 -90.000000
115077.317000 -90.000000 -90.000000
115199.383000 -90.000000 -90.000000
115316.436000 -90.000000 -90.000000
115434.881000 -90.000000 -90.000000
115602.152000 -90.000000 -90.000000
115718.236000 -90.000000 -90.000000
115836.070000 -90.000000 -90.000000
115960.335000 -90.000000 -90.000000
116082.576000 -90.000000 -90.000000
116199.819000 -90.000000 -90.000000
116317.651000 -90.000000 -90.000000
116436.011000 -90.000000 -90.000000
116555.516000 -90.000000 -90.000000
116671.777000 -90.000000 -90.000000
116790.085000 -90.000000 -90.000000
116908.812000 -90.000000 -90.000000
117029.566000 -90.000000 -90.000000
117146.503000 -90.000000 -90.000000
117263.768000 -90.000000 -90.000000
117385.994000 -90.000000 -90.000000
117502.938000 -90.000000 -90.000000
117618.902000 -90.000000 -90.000000
117734.554000 -90.000000 -90.000000
117852.022000 -90.000000 -90.000000
117970.670000 -90.000000 -90.000000
118089.320000 -90.000000 -90.000000
118207.424000 -90.000000 -90.000000
118326.534000 -90.000000 -90.000000
118442.502000 -90.000000 -90.000000
118560.059000 -90.000000 -90.000000
118691.845000 -90.000000 -90.000000
118810.230000 -90.000000 -90.000000
118933.084000 -90.000000 -90.000000
119056.274000 -90.000000 -90.000000
119173.032000 -90.000000 -90.000000
119294.721000 -90.000000 -90.000000
119420.476000 -90.000000 -90.000000
119543.935000 -90.000000 -90.000000
119658.961000 -90.000000 -90.000000
119775.171000 -90.000000 -90.000000
119891.799000 -90.000000 -90.000000
120010.808000 -90.000000 -90.000000
120129.255000 -90.000000 -90.000000
120247.250000 -90.000000 -90.000000
120366.674000 -90.000000 -90.000000
120485.788000 -90.000000 -90.000000
120607.618000 -90.000000 -90.000000
120724.745000 -90.000000 -90.000000
120846.560000 -90.000000 -90.000000
120967.989000 -90.000000 -90.000000
121090.360000 -90.000000 -90.000000
121208.608000 -90.000000 -90.000000
121331.405000 -90.000000 -90.000000
121450.306000 -90.000000 -90.000000
121568.939000 -90.000000 -90.000000
121690.118000 -90.000000 -90.000000
121808.615000 -90.000000 -90.000000
121926.429000 -90.000000 -90.000000
122041.607000 -90.000000 -90.000000
122156.820000 -90.000000 -90.000000
122273.153000 -90.000000 -90.000000
122392.012000 -90.000000 -90.000000
122508.897000 -90.000000 -90.000000
122627.034000 -90.000000 -90.000000
122746.557000 -90.000000 -90.000000
122865.072000 -90.000000 -90.000000
122988.617000 -90.000000 -90.000000
123109.099000 -90.000000 -90.000000
123228.328000 -90.000000 -90.000000
123347.185000 -90.000000 -90.000000
123463.991000 -90.000000 -90.000000
123581.262000 -90.000000 -90.000000
123699.920000 -90.000000 -90.000000
123816.046000 -90.000000 -90.000000
123934.481000 -90.000000 -90.000000
124050.144000 -90.000000 -90.000000
124165.971000 -90.000000 -90.000000
124287.125000 -90.000000 -90.000000
124405.659000 -90.000000 -90.000000
124520.560000 -90.000000 -90.000000
124635.784000 -90.000000 -90.000000
124751.712000 -90.000000 -90.000000
124868.057000 -90.000000 -90.000000
124986.955000 -90.000000 -90.000000
125103.887000 -90.000000 -90.000000
125220.735000 -90.000000 -90.000000
125337.413000 -90.000000 -90.000000
125452.828000 -90.000000 -90.000000
125569.170000 -90.000000 -90.000000
125688.330000 -90.000000 -90.000000
125805.497000 -90.000000 -90.000000
125920.347000 -90.000000 -90.000000
126036.615000 -90.000000 -90.000000
126153.417000 -90.000000 -90.000000
126269.306000 -90.000000 -90.000000
126388.884000 -90.000000 -90.000000
126507.633000 -90.000000 -90.000000
126622.607000 -90.000000 -90.000000
126739.127000 -90.000000 -90.000000
126857.288000 -90.000000 -90.000000
126975.165000 -90.000000 -90.000000
127098.977000 -90.000000 -90.000000
127218.751000 -90.000000 -90.000000
127338.980000 -90.000000 -90.000000
127455.692000 -90.000000 -90.000000
127582.374000 -90.000000 -90.000000
127702.092000 -90.000000 -90.000000
127819.168000 -90.000000 -90.000000
127937.333000 -90.000000 -90.000000
128055.407000 -90.000000 -90.000000
128174.612000 -90.000000 -90.000000
128292.488000 -90.000000 -90.000000
128414.112000 -90.000000 -90.000000
128533.664000 -90.000000 -90.000000
128651.682000 -90.000000 -90.000000
128768.463000 -90.000000 -90.000000
128887.104000 -90.000000 -90.000000
129004.959000 -90.000000 -90.000000
129120.117000 -90.000000 -90.000000
129236.523000 -90.000000 -90.000000
129359.976000 -90.000000 -90.000000
129478.699000 -90.000000 -90.000000
129595.776000 -90.000000 -90.000000
129715.539000 -90.000000 -90.000000
129835.907000 -90.000000 -90.000000
129955.991000 -90.000000 -90.000000
130076.740000 -90.000000 -90.000000
130193.929000 -90.000000 -90.000000
130311.979000 -90.000000 -90.000000
130430.255000 -90.000000 -90.000000
130545.932000 -90.000000 -90.000000
130663.333000 -90.000000 -90.000000
130782.364000 -90.000000 -90.000000
130899.626000 -90.000000 -90.000000
131016.264000 -90.000000 -90.000000
131134.040000 -90.000000 -90.000000
131251.608000 -90.000000 -90.000000
131371.068000 -90.000000 -90.000000
131492.058000 -90.000000 -90.000000
131615.405000 -90.000000 -90.000000
131743.899000 -90.000000 -90.000000
131861.309000 -90.000000 -90.000000
131980.408000 -90.000000 -90.000000
132097.858000 -90.000000 -90.000000
132215.687000 -90.000000 -90.000000
132334.420000 -90.000000 -90.000000
132453.836000 -90.000000 -90.000000
132569.170000 -90.000000 -90.000000
132691.227000 -90.000000 -90.000000
132812.019000 -90.000000 -90.000000
132928.567000 -90.000000 -90.000000
133047.388000 -90.000000 -90.000000
133165.626000 -90.000000 -90.000000
133282.945000 -90.000000 -90.000000
133398.873000 -90.000000 -90.000000
133515.757000 -90.000000 -90.000000
133636.666000 -90.000000 -90.000000
133752.480000 -90.000000 -90.000000
133869.466000 -90.000000 -90.000000
133986.446000 -90.000000 -90.000000
134105.194000 -90.000000 -90.000000
134223.131000 -90.000000 -90.000000
134342.876000 -90.000000 -90.000000
134464.185000 -90.000000 -90.000000
134585.029000 -90.000000 -90.000000
134702.065000 -90.000000 -90.000000
134819.501000 -90.000000 -90.000000
134935.742000 -90.000000 -90.000000
135052.113000 -90.000000 -90.000000
135168.289000 -90.000000 -90.000000
135286.707000 -90.000000 -90.000000
135407.008000 -90.000000 -90.000000
135522.241000 -90.000000 -90.000000
135648.623000 -90.000000 -90.000000
135767.897000 -90.000000 -90.000000
135888.500000 -90.000000 -90.000000
136007.827000 -90.000000 -90.000000
136129.830000 -90.000000 -90.000000
136245.079000 -90.000000 -90.000000
136361.151000 -90.000000 -90.000000
136477.829000 -90.000000 -90.000000
136594.655000 -90.000000 -90.000000
182137.597000 -90.000000 -90.000000
182254.714000 -90.000000 -90.000000
182467.835000 -90.000000 -90.000000
182585.759000 -90.000000 -90.000000
182701.400000 -90.000000 -90.000000
182819.973000 -90.000000 -90.000000
182981.924000 -90.000000 -90.000000
183098.727000 -90.000000 -90.000000
183336.345000 -90.000000 -90.000000
183453.806000 -90.000000 -90.000000
183750.875000 -90.000000 -90.000000
183867.924000 -90.000000 -90.000000
184109.568000 -90.000000 -90.000000
184227.726000 -90.000000 -90.000000
184346.156000 -90.000000 -90.000000
184463.815000 -90.000000 -90.000000
184581.181000 -90.000000 -90.000000
184701.275000 -90.000000 -90.000000
184821.157000 -90.000000 -90.000000
184937.590000 -90.000000 -90.000000
185055.728000 -90.000000 -90.000000
185176.177000 -90.000000 -90.000000
185301.688000 -90.000000 -90.000000
185421.525000 -90.000000 -90.000000
185537.755000 -90.000000 -90.000000
185655.997000 -90.000000 -90.000000
185774.495000 -90.000000 -90.000000
185894.501000 -90.000000 -90.000000
186015.991000 -90.000000 -90.000000
186135.167000 -90.000000 -90.000000
186251.851000 -90.000000 -90.000000
186372.512000 -90.000000 -90.000000
186493.296000 -90.000000 -90.000000
186612.207000 -90.000000 -90.000000
186731.440000 -90.000000 -90.000000
186850.054000 -90.000000 -90.000000
186971.704000 -90.000000 -90.000000
187087.901000 -90.000000 -90.000000
187205.916000 -90.000000 -90.000000
187320.720000 -90.000000 -90.000000
187439.520000 -90.000000 -90.000000
187556.263000 -90.000000 -90.000000
187675.760000 -90.000000 -90.000000
187792.397000 -90.000000 -90.000000
187912.734000 -90.000000 -90.000000
188030.458000 -90.000000 -90.000000
188148.720000 -90.000000 -90.000000
188270.049000 -90.000000 -90.000000
188385.839000 -90.000000 -90.000000
188503.292000 -90.000000 -90.000000
188618.224000 -90.000000 -90.000000
188734.303000 -90.000000 -90.000000
188849.081000 -90.000000 -90.000000
188968.949000 -90.000000 -90.000000
189087.087000 -90.000000 -90.000000
189207.398000 -90.000000 -90.000000
189327.186000 -90.000000 -90.000000
189445.670000 -90.000000 -90.000000
189570.420000 -90.000000 -90.000000
189691.960000 -90.000000 -90.000000
189812.665000 -90.000000 -90.000000
189932.489000 -90.000000 -90.000000
190051.523000 -90.000000 -90.000000
190171.827000 -90.000000 -90.000000
190301.475000 -90.000000 -90.000000
190425.448000 -90.000000 -90.000000
190548.359000 -90.000000 -90.000000
190668.356000 -90.000000 -90.000000
190790.169000 -90.000000 -90.000000
190913.164000 -90.000000 -90.000000
191034.941000 -90.000000 -90.000000
191155.899000 -90.000000 -90.000000
191277.211000 -90.000000 -90.000000
191401.309000 -90.000000 -90.000000
191524.526000 -90.000000 -90.000000
191647.226000 -90.000000 -90.000000
191766.308000 -90.000000 -90.000000
191885.934000 -90.000000 -90.000000
192007.234000 -90.000000 -90.000000
192126.087000 -90.000000 -90.000000
192255.068000 -90.000000 -90.000000
192378.580000 -90.000000 -90.000000
192500.108000 -90.000000 -90.000000
192618.249000 -90.000000 -90.000000
192736.725000 -90.000000 -90.000000
192856.957000 -90.000000 -90.000000
192980.275000 -90.000000 -90.000000
193097.389000 -90.000000 -90.000000
193215.594000 -90.000000 -90.000000
193334.456000 -90.000000 -90.000000
193454.583000 -90.000000 -90.000000
193575.162000 -90.000000 -90.000000
193696.854000 -90.000000 -90.000000
193817.184000 -90.000000 -90.000000
193938.781000 -90.000000 -90.000000
194062.429000 -90.000000 -90.000000
194189.065000 -90.000000 -90.000000
194309.569000 -90.000000 -90.000000
194425.009000 -90.000000 -90.000000
194542.973000 -90.000000 -90.000000
194663.755000 -90.000000 -90.000000
194783.722000 -90.000000 -90.000000
194902.672000 -90.000000 -90.000000
195022.734000 -90.000000 -90.000000
195143.901000 -90.000000 -90.000000
195283.211000 -90.000000 -90.000000
195400.930000 -90.000000 -90.000000
195518.341000 -90.000000 -90.000000
195635.305000 -90.000000 -90.000000
195752.753000 -90.000000 -90.000000
195877.090000 -90.000000 -90.000000
195996.819000 -90.000000 -90.000000
196113.172000 -90.000000 -90.000000
196230.392000 -90.000000 -90.000000
196345.962000 -90.000000 -90.000000
196462.158000 -90.000000 -90.000000
196586.048000 -90.000000 -90.000000
196703.701000 -90.000000 -90.000000
196820.177000 -90.000000 -90.000000
196938.313000 -90.000000 -90.000000
197059.850000 -90.000000 -90.000000
197177.212000 -90.000000 -90.000000
197294.262000 -90.000000 -90.000000
197410.083000 -90.000000 -90.000000
197530.025000 -90.000000 -90.000000
197647.450000 -90.000000 -90.000000
197767.438000 -90.000000 -90.000000
197886.510000 -90.000000 -90.000000
198002.930000 -90.000000 -90.000000
198119.200000 -90.000000 -90.000000
198234.191000 -90.000000 -90.000000
198350.124000 -90.000000 -90.000000
198469.250000 -90.000000 -90.000000
198585.467000 -90.000000 -90.000000
198702.000000 -90.000000 -90.000000
198819.796000 -90.000000 -90.000000
198940.919000 -90.000000 -90.000000
199057.977000 -90.000000 -90.000000
199173.733000 -90.000000 -90.000000
199289.904000 -90.000000 -90.000000
199405.761000 -90.000000 -90.000000
199528.279000 -90.000000 -90.000000
199646.673000 -90.000000 -90.000000
199769.250000 -90.000000 -90.000000
199887.732000 -90.000000 -90.000000
200006.155000 -90.000000 -90.000000
200121.633000 -90.000000 -90.000000
200240.486000 -90.000000 -90.000000
200358.467000 -90.000000 -90.000000
200477.887000 -90.000000 -90.000000
200597.555000 -90.000000 -90.000000
200715.215000 -90.000000 -90.000000
200831.214000 -90.000000 -90.000000
200952.442000 -90.000000 -90.000000
201069.172000 -90.000000 -90.000000
201186.754000 -90.000000 -90.000000
201302.672000 -90.000000 -90.000000
201431.151000 -90.000000 -90.000000
201547.499000 -90.000000 -90.000000
201664.692000 -90.000000 -90.000000
201783.154000 -90.000000 -90.000000
201898.851000 -90.000000 -90.000000
202018.736000 -90.000000 -90.000000
202138.866000 -90.000000 -90.000000
202254.575000 -90.000000 -90.000000
202369.391000 -90.000000 -90.000000
202484.911000 -90.000000 -90.000000
202600.668000 -90.000000 -90.000000
202717.549000 -90.000000 -90.000000
202841.003000 -90.000000 -90.000000
202958.698000 -90.000000 -90.000000
203085.796000 -90.000000 -90.000000
203203.555000 -90.000000 -90.000000
203320.144000 -90.000000 -90.000000
203436.466000 -90.000000 -90.000000
203554.834000 -90.000000 -90.000000
